{
 "metadata": {
  "name": ""
 },
 "nbformat": 3,
 "nbformat_minor": 0,
 "worksheets": [
  {
   "cells": [
    {
     "cell_type": "code",
     "collapsed": false,
     "input": [
      "x = np.random.random(size=10000)\n",
      "y = np.random.random(size=100000)\n",
      "z = np.random.randint(len(x), size=len(y))\n",
      "[x[z[i]] for i in range(len(y))]"
     ],
     "language": "python",
     "metadata": {},
     "outputs": [],
     "prompt_number": 4
    },
    {
     "cell_type": "code",
     "collapsed": false,
     "input": [
      "%timeit [x[z[i]] for i in range(len(y))]"
     ],
     "language": "python",
     "metadata": {},
     "outputs": [
      {
       "output_type": "stream",
       "stream": "stdout",
       "text": [
        "10 loops, best of 3: 69.6 ms per loop\n"
       ]
      }
     ],
     "prompt_number": 5
    },
    {
     "cell_type": "code",
     "collapsed": false,
     "input": [
      "%timeit for i in range(len(x)): y[z == i] = x[i]        "
     ],
     "language": "python",
     "metadata": {},
     "outputs": [
      {
       "output_type": "stream",
       "stream": "stdout",
       "text": [
        "1 loops, best of 3: 2.96 s per loop\n"
       ]
      }
     ],
     "prompt_number": 7
    },
    {
     "cell_type": "code",
     "collapsed": false,
     "input": [
      "Nparticles = 10\n",
      "obs_data = np.random.uniform(size=(Nparticles,6))\n",
      "obs_error = np.random.uniform(size=(Nparticles,6))"
     ],
     "language": "python",
     "metadata": {},
     "outputs": [],
     "prompt_number": 210
    },
    {
     "cell_type": "code",
     "collapsed": false,
     "input": [
      "def apw_cov1(arr):\n",
      "    cov = np.zeros((arr.shape[0],arr.shape[0]))\n",
      "    b = arr - np.mean(arr,axis=1)[:,np.newaxis]\n",
      "    for ii in range(arr.shape[1]):\n",
      "        cov += np.outer(b[:,ii],b[:,ii].T)\n",
      "    cov /= arr.shape[1]\n",
      "    return cov"
     ],
     "language": "python",
     "metadata": {},
     "outputs": []
    },
    {
     "cell_type": "code",
     "collapsed": false,
     "input": [
      "from scipy.linalg import lu"
     ],
     "language": "python",
     "metadata": {},
     "outputs": [],
     "prompt_number": 223
    },
    {
     "cell_type": "code",
     "collapsed": false,
     "input": [
      "obs_data, obs_error = particles.observe(error_model)\n",
      "for od,oe in zip(obs_data,obs_error):\n",
      "    O = np.array([np.random.normal(od, oe) for ii in range(1000)])\n",
      "    X = _hel_to_gc(O)\n",
      "    V = np.cov(X.T)"
     ],
     "language": "python",
     "metadata": {},
     "outputs": [
      {
       "output_type": "stream",
       "stream": "stdout",
       "text": [
        "-1.0 [[  1.00000000e+00   0.00000000e+00   0.00000000e+00   0.00000000e+00\n",
        "    0.00000000e+00   0.00000000e+00]\n",
        " [  2.57319653e-01   0.00000000e+00   4.85267630e-06   7.62055964e-06\n",
        "    2.00823772e-01   1.00000000e+00]\n",
        " [ -9.43657964e-01  -9.05661322e-06   1.25758318e-05   5.48212458e-05\n",
        "    1.00000000e+00   0.00000000e+00]\n",
        " [  6.23607470e-05   1.00000000e+00   0.00000000e+00   0.00000000e+00\n",
        "    0.00000000e+00   0.00000000e+00]\n",
        " [ -4.05890020e-03   3.74082277e-01   1.00000000e+00   0.00000000e+00\n",
        "    0.00000000e+00   0.00000000e+00]\n",
        " [  5.94309808e-05   5.20223325e-01  -4.41288308e-01   1.00000000e+00\n",
        "    0.00000000e+00   0.00000000e+00]]\n",
        "2.05841824034e-43 [[  9.23964514e-01   2.37754228e-01  -8.71906472e-01   5.76191173e-05\n",
        "   -3.75027975e-03   5.49121173e-05]\n",
        " [  0.00000000e+00   3.06467494e-12   4.31651813e-12   1.17544735e-03\n",
        "   -3.61528169e-05   1.12491776e-03]\n",
        " [  0.00000000e+00   0.00000000e+00  -5.71964292e-12  -4.75866837e-04\n",
        "    1.18735958e-03  -1.68202527e-04]\n",
        " [  0.00000000e+00   0.00000000e+00   0.00000000e+00   3.03428161e-04\n",
        "    7.95384711e-04   6.98007488e-04]\n",
        " [  0.00000000e+00   0.00000000e+00   0.00000000e+00   0.00000000e+00\n",
        "   -5.88675422e-08  -2.59576388e-08]\n",
        " [  0.00000000e+00   0.00000000e+00   0.00000000e+00   0.00000000e+00\n",
        "    0.00000000e+00   7.11529986e-10]]\n"
       ]
      },
      {
       "metadata": {},
       "output_type": "display_data",
       "png": "iVBORw0KGgoAAAANSUhEUgAAAPcAAAD6CAYAAAB9EtGNAAAABHNCSVQICAgIfAhkiAAAAAlwSFlz\nAAALEgAACxIB0t1+/AAADLVJREFUeJzt3V1oVAfex/Ff3syEmMxIXkzWhDRsXIcKJTBCGloiSikp\nqBSkBLyQisUHSgp7vTe7e2N7XYlCKEJLm148elMDynZR6BKC4OxN0mYMqVqTks1LZUanjX0mzXku\nZLOdTjIvmTNzjv/9fq6ak8zkh/rtnOicmQrHcRwBMKfS6wEASoO4AaOIGzCKuAGjiBswqtqNOzl0\n6JAbdwNgB+7cubPlcVfilqRj0WjR9zHb3q4/LC66sOaZhHO+6Pv4bvQbdZ170YU17vLjLjblx81N\n/zh0ddvPcVoOGEXcgFHEDRhF3IBRvoq76ckTrydkCEZavJ6wJT/uYlN+yrXJX3Enk15PyBDy4R8O\nyZ+72JSfcm3yVdwA3EPcgFHEDRhF3IBRxA0YRdyAUcQNGJXzqrBEIqErV64oGAwqHo/rxIkTam1t\nLcc2AEXIGffnn3+ut99+W4FAQOvr67p06ZLee++9cmwDUISsp+Vra2uqr69XIBCQJFVXV6urq0uL\nLl5zDaA0sj5yLy0tqaOjI+1Yd3e35ufn1d7ennZ89jcfS8+eK+7Hp5QCz5t4dEWJ6EpBt8kadyKR\nUENDQ9qxxsZGLS0tZXytm6+gAiBdKNKy5XPSH47ObHubrKflwWBQiUQi7djjx48VCoV2OBFAuWSN\nu62tTd9//33asXv37qmzs7OkowAUL2vcgUBAT58+1dramiRpfX1dCwsL2rt3b1nGAdi5nP8UdurU\nKY2NjW2eog8NDZVjF4Ai5Yx79+7dOnv2bDm2AHARTz8FjCJuwCjiBowibsAo4gaMIm7AKOIGjCJu\nwCjiBowibsAo4gaMIm7AqJwXjuTrtNPm1l255oLXA1CUk7ri9YQt/b3in15P+I9IZNtP8cgNGEXc\ngFHEDRhF3IBRxA0YRdyAUcQNGEXcgFHEDRhF3IBRxA0YRdyAUcQNGEXcgFE5406lUvroo480NDSk\n5eXlcmwC4IKc13PX1NTonXfeUVub/67XBrA9TssBo1x7JZb/HW3IOPZi5GcdjPyfW98C+K/1w+7d\n+qEhs7FsXIv7rXNP3LorAL/RlEyqKZnMOD77u99textOywGjiBswirgBo3L+zH379m0tLCxoampK\nq6uramho0OHDh9Xc3FyOfQB2KGfcfX196uvr08mTJ8uxB4BLOC0HjCJuwCjiBowibsAo4gaMIm7A\nKOIGjCJuwCjiBowibsAo4gaMIm7AKOIGjHLtZZZ+X/E/bt2Va/7oeL0Axfh7xT+9nrClhHPe6wn/\ncejqtp/ikRswirgBo4gbMIq4AaOIGzCKuAGjiBswirgBo4gbMIq4AaOIGzCKuAGjiBswKudVYbdu\n3dKjR48kSclkUgMDA+ru7i75MADFyRr36uqqWltbdeTIkc1jFy9e1LvvvlvyYQCKkzXu5ubmjLfq\nra2tLekgAO4o6Gdux3G0sbFRqi0AXFTQK7HcvHlTAwMDW36uvX0249iTJ01KJpt2tgzApnh0RYno\nSkG3yTvu6elppVIpHThwYMvPLy7+oaBvDCB/oUiLQpGWjOMPR2e2vU1ep+UzMzO6f/++BgcHd74O\nQFnljDsWiykWi+n48ePl2APAJVlPy+fn5zUyMqLBwUGNj49vHg+Hw+rp6Sn5OAA7lzXuzs5OXbhw\noVxbALiIp58CRhE3YBRxA0YRN2AUcQNGETdgFHEDRhE3YBRxA0YRN2AUcQNGETdgFHEDRhX0MkvZ\n/NHx3wsnBiv+5PWELSWc815PeC7w61QcHrkBo4gbMIq4AaOIGzCKuAGjiBswirgBo4gbMIq4AaOI\nGzCKuAGjiBswirgBo3JeFTYxMaGFhQVVV1crmUyqr69P4XC4HNsAFCFr3BsbG2pqatIrr7yyeezi\nxYvEDTwHsp6WV1ZWZoS8a9eukg4C4I6Cfua+e/eumpqaSrUFgIvyeiWWyclJXb9+XY2NjRoeHt7y\na74b/SbjWDDSolCkpbiFABSPrigRXSnoNnnF3d/fr/7+fsXjcV2+fFlnzpxRXV1d2td0nXuxoG8M\nIH+hbR4oH47ObHubgk7LQ6GQjh49qmg0Wvg6AGWVNe4HDx4oHo+nHZudnVVXV1dJRwEoXtbT8o6O\nDo2Pj2tjY0OO4yiVSmnfvn3q7Ows1z4AO5Q17urqar355pvl2gLARTz9FDCKuAGjiBswirgBo4gb\nMIq4AaOIGzCKuAGjiBswirgBo4gbMIq4AaOIGzAqr1diyce6qty6K9f8ZdbrBVv7S8WfvJ6QIeGc\n93oCXMYjN2AUcQNGETdgFHEDRhE3YBRxA0YRN2AUcQNGETdgFHEDRhE3YBRxA0YRN2AUcQNG5R23\n4zh6//33tby8XMo9AFySd9zj4+Pq6Ogo5RYALsor7omJCe3fv1979uwp9R4ALsn5SiyxWEwVFRUK\nh8Oam5vb9uvmR7/OONYYaVEw0lrcQgCKR1eUiK4UdJuscS8vL2tubk7Hjh3LeUed5w4W9I0B5C8U\naVEo0pJx/OHozLa3yRr3jRs3VF9fr6tXr0qSpqamtLq6qt7eXvX29hY5F0ApZY379OnTaR/X1taq\nr69PLS2Z/wcB4C8F/zu34zil2AHAZTyJBTCqoNctz+cv1gD4A4/cgFHEDRhF3IBRxA0YRdyAUcQN\nGEXcgFHEDRhF3IBRxA0YRdyAUcQNGEXcgFEFXRWW/Y5+ceuu3PM3rwds7a8f+O+a+D9XVHg9IUPC\nOe/1hOcaj9yAUcQNGEXcgFHEDRhF3IBRxA0YRdyAUcQNGEXcgFHEDRhF3IBRxA0YRdyAUTmvCvv0\n009VV1e3+XFDQ4Nef/31ko4CULyccVdVVenkyZPl2ALARTlPyyt8eJ0vgNxyPnKvrKzos88+kyQ5\njqPBwUE1NzdnfN13o99kHAtGWhSKtLgwE/jvFo+uKBFdKeg2OeN+44031N3draqqKq2trWlkZETD\nw8MKBAJpX9d17sXC1gLIW2ibB8qHozPb3ibnaXlPT4+qqqokSXV1dXrttdf09ddfFzETQDkU/E9h\nNTU1Wl9fL8UWAC7KGncsFtNPP/20+bHjOJqcnNRLL71U8mEAipP1Z+4XXnhB165dU2Xls/8H/Pjj\njzpy5Ejav3sD8KescQcCAb311lvl2gLARTz9FDCKuAGjiBswirgBo4gbMIq4AaN8FXe8wCfGl0N0\ncbfXE7a0eznq9YQMP+z236+VH/9MlWuTr+Iu9KqXcoj+q8HrCVtqWPFh3A3++7Xy45+pcm3yVdwA\n3EPcgFHEDRhF3IBRFY7jOMXeyaFDh9zYAmAH7ty5s+VxV+IG4D+clgNGETdgFHEDRuV8aeNySSQS\nunLlioLBoOLxuE6cOKHW1lbP9qRSKX388cf68ssvdeHCBU+3/NqtW7f06NEjSVIymdTAwIC6u7s9\n3TQxMaGFhQVVV1crmUyqr69P4XDY003/5jiOPvjgA509e9YXv4dlfXsuxycuXbrkrK2tOY7jOKlU\nyvnwww89XvTMtWvXnKWlJa9nOI7jOCsrK8709HTasZGREY/WPPPLL784MzMzace83vRrX3zxhfPJ\nJ5/45vdwbGysbN/LF6fla2trqq+v33yjg+rqanV1dWlxcdHjZf7S3NysgwcPph2rra31aM0zlZWV\nGY/Su3bt8mhNuomJCe3fv1979uzxesqmcr49ly9Oy5eWltTR0ZF2rLu7W/Pz82pvb/dolf85jqON\njQ2vZ6S5e/eumpqavJ6hWCymiooKhcNhzc3NeT1nU75vz+UGX8SdSCTU8JsrihobG7W0tOTRoufD\nzZs3NTAw4PUMSdLk5KSuX7+uxsZGDQ8Pe7pleXlZc3NzOnbsmKc7tpLv23O5wRdxB4NBffvtt2nH\nHj9+rFAo5NEi/5uenlYqldKBAwe8niJJ6u/vV39/v+LxuC5fvqwzZ8549vr2N27cUH19va5evSpJ\nmpqa0urqqnp7e9Xb2+vJpn/r6enZ/O9fvz1XJBJx/Xv5Iu62tjZ99dVXacfu3bunl19+2aNF/jYz\nM6P79+/r+PHjXk/JEAqFdPToUUWjUb366quebDh9+nTax7W1terr61NLi//ecbampkY///xzSe7b\nF3+hFggE9PTpU62trUmS1tfXtbCwoL1793q8zH9isZhisZhvwn7w4IHi8XjasdnZWXV1dXm0aGuO\nD55lXe635/LFI7cknTp1SmNjYwoGg0okEhoaGvJ0z+3bt7WwsLB5StfQ0KDDhw+X7C8/8jE/P6+R\nkRENDg5qfHx883g4HE473Sunjo4OjY+Pa2NjQ47jKJVKad++fers7PRkj5+V++25uHAEMMoXp+UA\n3EfcgFHEDRhF3IBRxA0YRdyAUf8P5H+rMcSisXgAAAAASUVORK5CYII=\n",
       "text": [
        "<matplotlib.figure.Figure at 0x12085fb50>"
       ]
      },
      {
       "metadata": {},
       "output_type": "display_data",
       "png": "iVBORw0KGgoAAAANSUhEUgAAAPcAAAD6CAYAAAB9EtGNAAAABHNCSVQICAgIfAhkiAAAAAlwSFlz\nAAALEgAACxIB0t1+/AAADE5JREFUeJzt3e9LW4cex/GPGmvEaVL8UaWKk2tvQwtDUMjKdi0tYzho\ny6AMoQ/KSkcvDAf3r7jb4xVbkDHY2NyD2z5ZhRYGLewiUjCPdDUV119mFI2UpHNLd2M990G53uaq\niTEnOaff+349mkcTP1jey4lGT5XjOI4AmFPt9QAA5UHcgFHEDRhF3IBRxA0YFXDjTgYGBty4GwC7\nMD09veVxV+KWpBOxWMn3Md/RoT8/fuzCmhfOOu0l38c/xhr1wYVfXVjzX3+q+mvJ99HRMa/Hj//s\nwpoX/ubUlXwfD8fuqPvCIRfWvLCmmpLvY3HsJ3VdOOzCmv8K6HlJt3fz6/TPgavbvo/TcsAo4gaM\nIm7AKOIGjPJV3M2/uvuNKzcc6v/D6wlb+vXXZq8nbBLqb/V6wiZNPtxUqa+Tv+JeXfV6wiaH+//l\n9YQtra76L+6wL0Nq83rCJpX6OvkqbgDuIW7AKOIGjCJuwCjiBowibsAo4gaMKvhbYel0WleuXFEo\nFFIqldKpU6fU1ua/nx0CyFUw7u+++04ffvihgsGg1tbWdPnyZX3yySeV2AagBHlPyzOZjBoaGhQM\nBiVJgUBA3d3deuzi71wDKI+8j9xLS0vq7OzMOdbT06PFxUV1dHTkHJ//n7elF68V9+NLSoFXTSqW\nVDqWLOo2eeNOp9NqbGzMOdbU1KSlpaVNH+vmX1ABkCvc37rla9Ifjc1te5u8p+WhUEjpdDrn2NOn\nTxUOh3c5EUCl5I27vb1dv/zyS86xe/fuqaurq6yjAJQub9zBYFDPnj1TJpORJK2trSmRSGjfvn0V\nGQdg9wr+KOzMmTMaHx/fOEUfHh6uxC4AJSoY92uvvabz589XYgsAF/HyU8Ao4gaMIm7AKOIGjCJu\nwCjiBowibsAo4gaMIm7AKOIGjCJuwCjiBowq+IsjO5V2/u7WXbnmotcDtvE3x+sFr4aAnns94ZXG\nIzdgFHEDRhE3YBRxA0YRN2AUcQNGETdgFHEDRhE3YBRxA0YRN2AUcQNGETdgFHEDRhWMO5vN6osv\nvtDw8LCWl5crsQmACwr+Pndtba0++ugjtbe3V2IPAJdwWg4Y5dpfYnk4dmfTsVB/q8L9rW59CuD/\nViqWVDqWLOo2rsXdfeGQW3cF4H+Et3mgfDQ2t+1tOC0HjCJuwCjiBowq+Jz79u3bSiQSmpmZ0crK\nihobG3X06FG1tLRUYh+AXSoYdzQaVTQa1enTpyuxB4BLOC0HjCJuwCjiBowibsAo4gaMIm7AKOIG\njCJuwCjiBowibsAo4gaMIm7AKOIGjCJuwCjiBowibsAo4gaMIm7AKOIGjCJuwCjiBowibsAo4gaM\nIm7AKOIGjCJuwCjiBowqeK2wW7du6cmTJ5Kk1dVVDQ4Oqqenp+zDAJQmb9wrKytqa2vTsWPHNo5d\nunRJH3/8cdmHAShN3rhbWlo2Xaq3rq6urIMAuKOo59yO42h9fb1cWwC4qOBz7pfdvHlTg4ODW77v\n4didTcdC/a0K97fubhmADalYUulYsqjb7Dju2dlZZbNZHTx4cMv3d184VNQnBrBz4W0eKB+NzW17\nmx2dls/Nzen+/fsaGhra/ToAFVUw7ng8rng8rpMnT1ZiDwCX5D0tX1xc1OjoqIaGhjQxMbFxPBKJ\nqLe3t+zjAOxe3ri7urp08eLFSm0B4CJefgoYRdyAUcQNGEXcgFHEDRhF3IBRxA0YRdyAUcQNGEXc\ngFHEDRhF3IBRxA0YRdyAUcQNGEXcgFHEDRhF3IBRxA0YRdyAUcQNGEXcgFHEDRhF3IBRxA0YRdyA\nUcQNGFXw+tyTk5NKJBIKBAJaXV1VNBpVJBKpxDYAJcgb9/r6upqbm/XWW29tHLt06RJxA6+AvKfl\n1dXVm0Les2dPWQcBcEdRz7nv3r2r5ubmcm0B4KKCz7klaWpqStevX1dTU5NGRka2/JiHY3c2HQv1\ntyrc31raQgBKxZJKx5JF3abKcRxnx58gldL4+LjOnTun+vr6jeMDAwP6y/Tpoj4xgNL9c+Cqpqen\nt3xfUafl4XBYx48fVywWc2UYgPLJG/eDBw+USqVyjs3Pz6u7u7usowCULu9z7s7OTk1MTGh9fV2O\n4yibzWr//v3q6uqq1D4Au5Q37kAgoPfff79SWwC4iJefAkYRN2AUcQNGETdgFHEDRhE3YBRxA0YR\nN2AUcQNGETdgFHEDRhE3YBRxA0YRN2AUcQNGETdgFHEDRhE3YBRxA0YRN2AUcQNGETdgFHEDRhE3\nYBRxA0YRN2AUcQNGETdg1I7jdhxHn376qZaXl8u5B4BLdhz3xMSEOjs7y7kFgIt2FPfk5KQOHDig\nvXv3lnsPAJfkvT63JMXjcVVVVSkSiWhhYWHbj3s4dmfTsVB/q8L9raUtBKBULKl0LFnUbfLGvby8\nrIWFBZ04caLgHXVfOFTUJwawc+FtHigfjc1te5u8cd+4cUMNDQ26evWqJGlmZkYrKyvq6+tTX19f\niXMBlFPeuM+ePZvzdl1dnaLRqFpbOdUG/K7on3M7jlOOHQBcxotYAKMKfrf8ZTv5xhoAf+CRGzCK\nuAGjiBswirgBo4gbMIq4AaOIGzCKuAGjiBswirgBo4gbMIq4AaOIGzCKuAGjiBswirgBo4gbMIq4\nAaOIGzCKuAGjiBswirgBo4gbMIq4AaOIGzCKuAGjiBswquC1wr755hvV19dvvN3Y2Kh33323rKMA\nlK5g3DU1NTp9+nQltgBwUcHT8qqqqkrsAOCygo/cyWRS3377rSTJcRwNDQ2ppaVl08c9HLuz6Vio\nv1Xh/lYXZgL/31KxpNKxZFG3KRj3e++9p56eHtXU1CiTyWh0dFQjIyMKBoM5H9d94VBxawHsWHib\nB8pHY3Pb3qbgaXlvb69qamokSfX19XrnnXf0008/lTATQCUU/aOw2tpara2tlWMLABfljTsej+v3\n33/feNtxHE1NTemNN94o+zAApcn7nPv111/XtWvXVF394v8Bv/32m44dO5bzc28A/pQ37mAwqA8+\n+KBSWwC4iJefAkYRN2AUcQNGETdgFHEDRhE3YJSv4k4V+cL4SvDjJsmfu9i0M5Xa5Ku4i/2tl0rw\n4ybJn7vYtDOV2uSruAG4h7gBo4gbMIq4AaOqHMdxSr2TgYEBN7YA2IXp6ektj7sSNwD/4bQcMIq4\nAaOIGzCq4J82rpR0Oq0rV64oFAoplUrp1KlTamtr82xPNpvVV199pR9++EEXL170dMvLbt26pSdP\nnkiSVldXNTg4qJ6eHk83TU5OKpFIKBAIaHV1VdFoVJFIxNNN/+E4jj777DOdP3/eF/+GFb08l+MT\nly9fdjKZjOM4jpPNZp3PP//c40UvXLt2zVlaWvJ6huM4jpNMJp3Z2dmcY6Ojox6teeH58+fO3Nxc\nzjGvN73s+++/d77++mvf/BuOj49X7HP54rQ8k8mooaFh40IHgUBA3d3devz4scfL/KWlpUWHDx/O\nOVZXV+fRmheqq6s3PUrv2bPHozW5JicndeDAAe3du9frKRsqeXkuX5yWLy0tqbOzM+dYT0+PFhcX\n1dHR4dEq/3McR+vr617PyHH37l01Nzd7PUPxeFxVVVWKRCJaWFjwes6GnV6eyw2+iDudTquxsTHn\nWFNTk5aWljxa9Gq4efOmBgcHvZ4hSZqamtL169fV1NSkkZERT7csLy9rYWFBJ06c8HTHVnZ6eS43\n+CLuUCikn3/+OefY06dPFQ6HPVrkf7Ozs8pmszp48KDXUyRJR44c0ZEjR5RKpfTll1/q3Llznv19\n+xs3bqihoUFXr16VJM3MzGhlZUV9fX3q6+vzZNN/9Pb2bvz3y5fn6u/vd/1z+SLu9vZ2/fjjjznH\n7t27pzfffNOjRf42Nzen+/fv6+TJk15P2SQcDuv48eOKxWJ6++23Pdlw9uzZnLfr6uoUjUbV2uq/\nK87W1tbqjz/+KMt9++IbasFgUM+ePVMmk5Ekra2tKZFIaN++fR4v8594PK54PO6bsB88eKBUKpVz\nbH5+Xt3d3R4t2prjg1dZV/ryXL545JakM2fOaHx8XKFQSOl0WsPDw57uuX37thKJxMYpXWNjo44e\nPVq2b37sxOLiokZHRzU0NKSJiYmN45FIJOd0r5I6Ozs1MTGh9fV1OY6jbDar/fv3q6ury5M9flbp\ny3PxiyOAUb44LQfgPuIGjCJuwCjiBowibsAo4gaM+jfFnaGIrEJzwgAAAABJRU5ErkJggg==\n",
       "text": [
        "<matplotlib.figure.Figure at 0x12cb526d0>"
       ]
      }
     ],
     "prompt_number": 229
    },
    {
     "cell_type": "code",
     "collapsed": false,
     "input": [
      "X = np.array([np.random.normal(obs_data, obs_error) for ii in range(100)])\n",
      "X.shape"
     ],
     "language": "python",
     "metadata": {},
     "outputs": [
      {
       "metadata": {},
       "output_type": "pyout",
       "prompt_number": 11,
       "text": [
        "(100, 10, 6)"
       ]
      }
     ],
     "prompt_number": 11
    },
    {
     "cell_type": "code",
     "collapsed": false,
     "input": [
      "for ii in range(Nparticles):\n",
      "    print np.cov(X[:,ii].T)"
     ],
     "language": "python",
     "metadata": {},
     "outputs": [
      {
       "output_type": "stream",
       "stream": "stdout",
       "text": [
        "[[  3.99802172e-04   6.04492117e-05   1.40263228e-03  -7.17200743e-04\n",
        "    2.49851986e-04  -1.73780992e-04]\n",
        " [  6.04492117e-05   6.15687168e-03   5.52882939e-03  -2.25289475e-03\n",
        "    3.20080262e-04   1.11635436e-02]\n",
        " [  1.40263228e-03   5.52882939e-03   5.86631557e-01   3.40703683e-02\n",
        "    3.46277005e-03   1.75174502e-01]\n",
        " [ -7.17200743e-04  -2.25289475e-03   3.40703683e-02   8.74896409e-02\n",
        "    8.04198251e-04  -9.34684314e-03]\n",
        " [  2.49851986e-04   3.20080262e-04   3.46277005e-03   8.04198251e-04\n",
        "    1.07098265e-02  -2.37583647e-03]\n",
        " [ -1.73780992e-04   1.11635436e-02   1.75174502e-01  -9.34684314e-03\n",
        "   -2.37583647e-03   6.23751168e-01]]\n",
        "[[  8.78399805e-01   3.81996301e-02  -1.11410936e-02  -1.45490201e-02\n",
        "   -4.94449119e-03   3.60890653e-02]\n",
        " [  3.81996301e-02   1.63938716e-01   1.64517347e-03   6.75122832e-02\n",
        "    3.27944209e-03  -3.60490397e-03]\n",
        " [ -1.11410936e-02   1.64517347e-03   2.18755029e-02  -1.25527695e-02\n",
        "    5.09674937e-04  -4.67415370e-03]\n",
        " [ -1.45490201e-02   6.75122832e-02  -1.25527695e-02   8.88400616e-01\n",
        "   -2.95330478e-03  -1.97771809e-02]\n",
        " [ -4.94449119e-03   3.27944209e-03   5.09674937e-04  -2.95330478e-03\n",
        "    4.62444276e-03  -1.27743488e-03]\n",
        " [  3.60890653e-02  -3.60490397e-03  -4.67415370e-03  -1.97771809e-02\n",
        "   -1.27743488e-03   1.10772327e-01]]\n",
        "[[ 0.03995214 -0.00552772 -0.00777769 -0.00449472  0.01247662 -0.00292835]\n",
        " [-0.00552772  0.04474932  0.00196608  0.0035871   0.03132444  0.00665168]\n",
        " [-0.00777769  0.00196608  0.28123152  0.0248659   0.02841442  0.02001322]\n",
        " [-0.00449472  0.0035871   0.0248659   0.27376708  0.05639163  0.04482509]\n",
        " [ 0.01247662  0.03132444  0.02841442  0.05639163  0.78859127 -0.01467967]\n",
        " [-0.00292835  0.00665168  0.02001322  0.04482509 -0.01467967  0.45286773]]\n",
        "[[ 0.51645593  0.04279067  0.07740615 -0.04588061  0.08347492  0.03022423]\n",
        " [ 0.04279067  0.40880359 -0.03484882 -0.01274002 -0.03275949 -0.00390936]\n",
        " [ 0.07740615 -0.03484882  0.48447944  0.04294169 -0.00884731  0.00732174]\n",
        " [-0.04588061 -0.01274002  0.04294169  0.3619897   0.03339904  0.03143613]\n",
        " [ 0.08347492 -0.03275949 -0.00884731  0.03339904  0.47108509  0.02758528]\n",
        " [ 0.03022423 -0.00390936  0.00732174  0.03143613  0.02758528  0.14908722]]\n",
        "[[  5.52235859e-01   1.60747956e-02   2.74341739e-02   4.99069603e-03\n",
        "   -3.64778323e-02  -5.83773530e-02]\n",
        " [  1.60747956e-02   7.48372723e-01   6.96719275e-02   2.22642174e-03\n",
        "    1.60003948e-02   1.83377422e-02]\n",
        " [  2.74341739e-02   6.96719275e-02   2.06018967e-01   1.25093760e-03\n",
        "   -3.70756509e-02   4.92585725e-02]\n",
        " [  4.99069603e-03   2.22642174e-03   1.25093760e-03   6.82416182e-04\n",
        "   -1.14324261e-03   1.12967850e-03]\n",
        " [ -3.64778323e-02   1.60003948e-02  -3.70756509e-02  -1.14324261e-03\n",
        "    8.04591261e-01  -2.91917927e-02]\n",
        " [ -5.83773530e-02   1.83377422e-02   4.92585725e-02   1.12967850e-03\n",
        "   -2.91917927e-02   8.97483584e-01]]\n",
        "[[  6.38919116e-02  -9.37297141e-03  -5.94871016e-04   7.20003292e-03\n",
        "   -3.82808080e-04  -1.63178432e-02]\n",
        " [ -9.37297141e-03   5.92606309e-02  -2.18306682e-03  -3.52924418e-03\n",
        "    2.13135274e-04   1.66291906e-03]\n",
        " [ -5.94871016e-04  -2.18306682e-03   1.80921793e-01   2.01647908e-03\n",
        "   -1.02650807e-03   2.60521878e-03]\n",
        " [  7.20003292e-03  -3.52924418e-03   2.01647908e-03   2.41475518e-01\n",
        "   -9.88193054e-05   1.35896594e-02]\n",
        " [ -3.82808080e-04   2.13135274e-04  -1.02650807e-03  -9.88193054e-05\n",
        "    2.37695951e-04   5.98388219e-05]\n",
        " [ -1.63178432e-02   1.66291906e-03   2.60521878e-03   1.35896594e-02\n",
        "    5.98388219e-05   6.88184584e-02]]\n",
        "[[  1.56275569e-01  -1.66563722e-02  -5.55498673e-02  -2.05787546e-02\n",
        "   -5.40723456e-03  -7.10430207e-04]\n",
        " [ -1.66563722e-02   4.33874922e-01   5.98786545e-02  -3.16698167e-03\n",
        "    8.76372081e-03  -4.95120471e-03]\n",
        " [ -5.55498673e-02   5.98786545e-02   5.16101577e-01   2.66232243e-03\n",
        "    1.61533591e-02   2.73652187e-03]\n",
        " [ -2.05787546e-02  -3.16698167e-03   2.66232243e-03   3.23656130e-02\n",
        "    1.72335584e-02   2.55853358e-04]\n",
        " [ -5.40723456e-03   8.76372081e-03   1.61533591e-02   1.72335584e-02\n",
        "    3.32485592e-01   4.24333006e-03]\n",
        " [ -7.10430207e-04  -4.95120471e-03   2.73652187e-03   2.55853358e-04\n",
        "    4.24333006e-03   3.55007250e-03]]\n",
        "[[ 0.24793963 -0.01042212 -0.03879041 -0.03811907  0.00936123 -0.00150175]\n",
        " [-0.01042212  0.01502433  0.00391409 -0.00239046 -0.00167372 -0.02282929]\n",
        " [-0.03879041  0.00391409  0.85270089  0.06180107  0.00933045 -0.08444565]\n",
        " [-0.03811907 -0.00239046  0.06180107  0.29101637 -0.03111033 -0.02153901]\n",
        " [ 0.00936123 -0.00167372  0.00933045 -0.03111033  0.54343189 -0.02249042]\n",
        " [-0.00150175 -0.02282929 -0.08444565 -0.02153901 -0.02249042  0.60512756]]\n",
        "[[  2.08269043e-01  -3.29543175e-02  -4.79370046e-02   1.30240986e-02\n",
        "    1.75710852e-02   5.44401368e-02]\n",
        " [ -3.29543175e-02   9.39553749e-01   1.32355245e-02   4.90244223e-02\n",
        "   -4.06327542e-02  -3.00955817e-02]\n",
        " [ -4.79370046e-02   1.32355245e-02   3.10434100e-01   4.55120897e-03\n",
        "    3.01042025e-02   1.29937987e-03]\n",
        " [  1.30240986e-02   4.90244223e-02   4.55120897e-03   1.94319516e-01\n",
        "    3.93811765e-03   4.45658541e-02]\n",
        " [  1.75710852e-02  -4.06327542e-02   3.01042025e-02   3.93811765e-03\n",
        "    2.25311284e-01  -8.72766854e-04]\n",
        " [  5.44401368e-02  -3.00955817e-02   1.29937987e-03   4.45658541e-02\n",
        "   -8.72766854e-04   5.74283074e-01]]\n",
        "[[  6.17245919e-01  -3.19585584e-02   3.34069223e-03  -1.85105011e-02\n",
        "   -8.86294147e-03   1.71559439e-02]\n",
        " [ -3.19585584e-02   5.70455496e-01   1.54648284e-03   6.71548912e-03\n",
        "   -6.73597855e-03  -4.09454153e-02]\n",
        " [  3.34069223e-03   1.54648284e-03   4.31605075e-04   1.39958750e-03\n",
        "    3.07110777e-05  -2.25550290e-03]\n",
        " [ -1.85105011e-02   6.71548912e-03   1.39958750e-03   3.44345297e-01\n",
        "   -4.48821848e-03  -4.25065101e-02]\n",
        " [ -8.86294147e-03  -6.73597855e-03   3.07110777e-05  -4.48821848e-03\n",
        "    8.20475645e-03  -3.85314789e-03]\n",
        " [  1.71559439e-02  -4.09454153e-02  -2.25550290e-03  -4.25065101e-02\n",
        "   -3.85314789e-03   5.94998744e-01]]\n"
       ]
      }
     ],
     "prompt_number": 16
    },
    {
     "cell_type": "code",
     "collapsed": false,
     "input": [
      "from astropy.modeling.models import Gaussian2DModel"
     ],
     "language": "python",
     "metadata": {},
     "outputs": [],
     "prompt_number": 43
    },
    {
     "cell_type": "code",
     "collapsed": false,
     "input": [
      "#X = np.array([0.1, 0.3])\n",
      "#d = np.random.normal(size=(2,10000))\n",
      "#S = np.cov(d)\n",
      "\n",
      "X = np.array([0.0, 0.3])\n",
      "S = np.array([[0.9, 0.],[0., 0.5]])"
     ],
     "language": "python",
     "metadata": {},
     "outputs": [],
     "prompt_number": 79
    },
    {
     "cell_type": "code",
     "collapsed": false,
     "input": [
      "def apw_gauss(S):\n",
      "    return lambda X: 1/np.linalg.det(S) * np.exp(-0.5*(np.trace(np.dot(S,np.outer(X,X.T)))))"
     ],
     "language": "python",
     "metadata": {},
     "outputs": [],
     "prompt_number": 83
    },
    {
     "cell_type": "code",
     "collapsed": false,
     "input": [
      "a_g = apw_gauss(S)\n",
      "g = Gaussian2DModel(1., x_mean=0., y_mean=0., cov_matrix=S)"
     ],
     "language": "python",
     "metadata": {},
     "outputs": [],
     "prompt_number": 84
    },
    {
     "cell_type": "code",
     "collapsed": false,
     "input": [
      "print g(*X)\n",
      "print a_g(X)"
     ],
     "language": "python",
     "metadata": {},
     "outputs": [
      {
       "output_type": "stream",
       "stream": "stdout",
       "text": [
        "0.913931185271\n",
        "0.137957735752\n"
       ]
      }
     ],
     "prompt_number": 86
    },
    {
     "cell_type": "code",
     "collapsed": false,
     "input": [
      "xx,yy = np.meshgrid(np.linspace(-5., 5., 50),np.linspace(-5., 5., 50))\n",
      "xx = xx.ravel()\n",
      "yy = yy.ravel()"
     ],
     "language": "python",
     "metadata": {},
     "outputs": [],
     "prompt_number": 88
    },
    {
     "cell_type": "code",
     "collapsed": false,
     "input": [
      "Z = g(xx, yy).reshape(50,50)\n",
      "imshow(Z, aspect='equal', interpolation='nearest')\n",
      "colorbar()"
     ],
     "language": "python",
     "metadata": {},
     "outputs": [
      {
       "metadata": {},
       "output_type": "pyout",
       "prompt_number": 96,
       "text": [
        "<matplotlib.colorbar.Colorbar instance at 0x112f32e60>"
       ]
      },
      {
       "metadata": {},
       "output_type": "display_data",
       "png": "iVBORw0KGgoAAAANSUhEUgAAAS4AAAD8CAYAAADJwUnTAAAABHNCSVQICAgIfAhkiAAAAAlwSFlz\nAAALEgAACxIB0t1+/AAAHyJJREFUeJzt3f9TVOfdN/A3sIiwyxdFERAQNEaMdw19cAKYJ/hl7rQx\nGsiMSUm/RK3mh7Zjp/3NH9o/INPfopNkJn2eNKZ9ADPRJmoSrbm1tTcajIitRomV1SjefgEUlh1h\nBfY8P1A2nOtc5+y1e1g8R96vGWZyjtde+wHMx3M+e53rk6RpmgYiIhdJftgBEBHFiomLiFyHiYuI\nXIeJi4hch4mLiFyHiYuIXMdj58X9/f348MMPkZ2djb6+PtTV1SEvL2+yYiMikrKVuJqamrBlyxbM\nnDkTIyMjePvtt/HLX/4y8ucrVqywHSARxe/06dNxv3bt2rUIBALK47OysnD06NG43y8WcSeuwcFB\neL1ezJw5c2wijwcLFizAzZs3UVBQEBnX1rYBAFBQcAk3bz5uM9yp47Z4AcY8FdwUb2XlQVuvDwQC\neKGtTXn8gcpKW+8Xi7gT1+3bt1FUVKQ7V1ZWhuvXr+sSV0HBJQBAZmYvgLH/HhjIRTCYG+9bE9EE\nPl/vv///mny2bskSKO64+vv7kZmZqTuXlZWF27dv6859+6+Te/6lInKTYFB+IVBYeMn23Km2Z0iM\nuD9VzM7ORn9/v+5cIBBATk6O7aCIyBk8MXxNpbgTV35+Pm7cuKE75/f7UVxcbDsoInKG9Bi+plLc\niXLmzJkYGhrC4OAg0tPTMTIygq6uLsybN086fmDAXTUtt8ULMOap4LZ47XLqraKtK7wf/ehHaGxs\njNw2NjQ0mI51WzHebfECjHkquC1eux654jwA+Hw+bNu2bbJiISKHeSSvuIjo0ebUBOHUuIjIAXjF\nRUSuw8RFRK4z1cscVDFxEZEppyYIp8ZFRA7AW0Uich2nJginxkVEDmD3iktls9ELFy7gzJkzSE8f\nq6hVVVUZdp4RMXERkSm7CSLaZqOapuH48eP42c9+Fjl34MABFBQUICUlxXRe7jlPRKZSY/gSWW02\nOq6/vx9z587Vve473/lO1J1becVFRKZkyyG+8vnwlbAXn4zKZqM5OTm4du0ahoeHkZqaigcPHuDE\niROYMWMGqqqqTOdm4iIiU7IrqYpgEBXBoOH8B4WFumPVzUZfffVV7N27F6mpqUhOTsbKlSvxxRdf\nWMbFxEVEpuwkiOzsbHR2durOyTYbnTNnDl555ZXIcUdHBwqFJChijYuITKV61L9E8W422traiscf\nt97mnYmLiEx5POpfoombjQLQbTY6NDQUGdfX1xf5756eHgSDQeTn51vHNTnfHhE9ilLNVyQoMdts\ndMeOHfjNb36DvLw8tLS0IBgMIjk5GUNDQ3jttdeizsvERUSmZFdSsTDbbPSNN96I/Pf69etjnpeJ\ni4hMpaY97AjkmLiIyJxDM4RDwyIiR3BohnBoWETkCA7NEA4Ni4gcweanionCxEVE5hyaIRwaFhE5\nAj9VJCLXiSVDaAmLwoCJi4jMxZIhhhMWhQETFxGZi6U4z8RFRI7g0Azh0LCIyBEcmiEcGhYROYLN\nDKHS5WdoaAh79uyBz+fD8PAw0tPTUV9fn8iwiOiRZnM5RLQuPwDw5z//GS+++CKys7MBAJ9//jk6\nOjpQXl5uOi83EiQic54YvgQqXX7Gz4/3VASA+fPnG/all4VFRCQn+VSxbdCHtqHJ6fIDAM8++yz+\n9Kc/Yd26dZg3bx5aWlrwk5/8xHJuJi4iMifJEJWZQVRmGrv8vHMvvi4/Ho8Hqamp+Mtf/oKvvvoK\nGzdujFylxRCW3vDwMHbv3o0jR45g165dkcJaKBRCU1MTvF4vgsEgamtrsWjRomjTEZGb2Li0Ue3y\n09jYiK1bt8Lj8SAcDuPAgQNoa2tDZWWl6dxRa1ypqal47bXX8Oqrr+rONzc3o76+Hi+//DJ++tOf\n4pNPPkE4HI7l+yIip0uJ4Uug0uUnEAhg9uzZ8Px7j+jk5GTU19fjyy+/tAwr7uJ8KBTCrFmzIsc1\nNTVob2+PdzoiciIbxXmVLj9ZWVmGYv29e/fg8/mihhWzUCgEr9erO1dWVoaWlhbD5V1BwSXD6wcG\nchEM5sbz1kQk8Pl6kZnZm5jJrUtNUal0+amrq8Pu3bsjyWpwcDAyzkxciSsQCBiKbuOBiW7etG7s\nSET2BIPyC4HCQuNFQ8xsbiSo0uVnwYIF2Lx5c0zzxpW4srKyEAgEdOf6+/sNRTcicjmHrjuIK6y0\ntDTcv39fd66zsxMlJSWTEhQROYRDE1fcxfmMjAz09o7dV2uahtbWVlRUVExaYETkADY+VUykqPm0\ntbUVXV1dOHfuHHp6epCZmYlVq1ahoaEBjY2N8Hq9GBgYQF1d3VTES0RTyaFXXFHDqqqqQlVVFTZu\n3Gj4s1gLakTkMm5NXEQ0jbFZBhG5jkMzhEPDIiJHcGiGcGhYROQI7GRNRK7j0Azh0LBoaqRO0jxT\n2JeKppZDM4RDwyIiR+CtIhG5js3dIRKFiYuIzCW4PdnIyAg+/vhj3WsCgQD6+/vx61//OlFhEdEj\nzeatYrT2ZB6Px/BUznvvvYef//znlvMycblSvEX1RP26ZfOOxDEPi/yOY+OvjFV7soldfiY6deoU\nVqxYgbQ06yX7TFxEZE6SIdqu+NB2ZfLak0104cIFbNmyJZ6wiIj+TXKrWPlYEJWPSdqTHYuvPdm4\nW7duYf78+UphMXERkTkbnyqqticb19bWhqqqKqW5mbgeOpV6lfhriuc1dl4nUqlfifUqldfEWytj\nbSxhbBTn8/Pzcfz4cd05v9+P6upq6fju7m7MmTNHae64d0Alomkgwe3JJkpKSoopLCIiOZsZQqU9\n2bjR0dGpCouIHmk2M4RKe7JxW7duVZ6XiYuIzPFZxelosgrv4ph0yRjxnGwelTHxkBXHB+MYIx4D\nxuJ8vIV4FvDj4tAM4dCwiMgRuOc8EbmOQzOEQ8MiIkdwaIZwaFhupFIvktWmVOpXWVGOAUB8dkxl\nTIZCPDJi3em+ZMyAcByIc4x4TqUOJhsj/n5Y81Li0Azh0LCIyAk0fqpIRG4z6tAM4dCwiMgJmLiI\nyHVCaTMedghSTFxxE4u9KrsxyArvYsE8VzJmtnAs27NIOOeRPLAqPngv211EZRsT8fnYPsmYHuF4\nRJMMuhHlGADuCse9kjFikV9GpRjPgr1oNMWZRS4mLiIyNerQZ36YuIjI1AgTFxG5zajNFBGtPdm4\ntrY2dHZ2IiUlBYODg/je974nHTeOiUuJyuJSlYeaxVqV7FypZIxwLkfyXuXC8WPRp0GRZIxPck4k\nbjfeJRlzVTi+LKm5dQgB9M1TmEillijWxWRkO6tykarI7q1itPZkwNiuqIFAAD/4wQ8i5zRNVhP9\nFndAJSJTo0hR/hJZtSeb6OTJk1izZo3uXLTdUHnFRUSmQjAuh7jYloqLbdHvQlTbkyUlJeHChQu4\nfPkywuEwSktLUVFRYTl31MR17Ngx3L07dukdDAZRW1uLsrIyhEIhNDU1wev1Rs4vWrQo6jdDRO4h\nq3E9Xqnh8coHhvP73tE/+6ranqylpQVlZWWoq6sDAHz00UdIT0/HkiVLTOOyTFw9PT3Iy8vTXca9\n9dZb+MUvfoHm5mbU19dj1qxZAICdO3di+/btSE7m3SfRo8JOjUu1PdnSpUtRU1MTOa6rq8P7778f\nf+KaM2eOoV3QeGvsUCgUSVoAUFNTg/b2dlRWVkb5dh4VYuFdZXGprDgvVtHLjEPEwvsKyTT/WziW\ndICa++Q14Z2uGMbkSFeT6vUJK1evSGLu/keJ/sQXkon+Wzg+Lbn96FgsnJD9lb0sHMdbVJftKjG9\n2Ulcqu3JUoRFrklJSQiHw5Zzx1Tj0jQN4XAYoVAIXq9X92dlZWVoaWkxJK6CgkuGeQYGchEMylaI\nE1GsfL5eZGbKniiwz846rontydLT0w3tycaL9kVFRfD7/Vi4cCEA4PTp01i+fLnl3DElrqNHj6K2\nthaBQMBw7zrefkh08+bjsbwFEcUoGJRfCBQWGi8aYmV3HZdKe7INGzZg3759OHPmDDRNQ1paWqTe\nZUY5qvPnz2N4eBhLlixBKBRCIKDf4K2/v9+0tTYRuZPddVwq7cmSkpKwcePGmOZVSlwXL17ElStX\n8MILLwAYq3Pdv6/f9bKzsxMlJSWyl7uQygPUKjuXiv8Kyh6OFupDYj0LAFYLxxuMQ/LX+3XHa/BX\nw5iVOKE7fgIXDGPm4bbhnOg29AtFL+AJw5gTT67UHR97crVhzK2ihfoTKotfOyQ1QENtSra4VKVb\nkMr/DtNrUeoDyXIIq9FTJepHgB0dHejo6IgkrXEZGRno7R27r9Y0Da2trVHXXhCRu4wgRflrKln+\nE3P9+nW8+eabeO6553Dw4MHI+fLycjQ0NKCxsRFerxcDAwNR70mJyH3s1rgSxTKq4uJi7Nq1y/TP\nN2/ePOkBEZFzcFsbInIdJq5HTjy7m0p2PxB3JZWVCf9Tf7hgfYdhyEv40PIYAKr/9Q/9ib9J3su4\nJtVgWZn+g4C1q04axqxYfFp3XIj/MYz5cP1LuuNvhiSfTIjrYcWdVQGgR/y5ynaHUGlzxgWoIu7H\nRUSu8wBpDzsEKSYuIjLFW0Uich3eKrqabO8hlQWoWcKx5PlMcRdS2QLUan1bHXEhKQA8j0/1L2n9\nh2EM/o9wfNg45F/XJe8vWFwsnPi+cUz1a/r3v1+VYRjzPyjUHX9TXWqc6LzQdshY3gN6xJ+r+HMH\njHUvlZ1UZQtZpxdXLocgoumNt4pE5DpMXETkOnYTl0qXn7Nnz+LEiROYN+/bZS3r16+PbHsjw8RF\nRKZCNpdDqHT56e3txUsvvWTZjkzExDVpVNqTSYg7AeUbh8ydf0d3XGpo2SXZ6UG246iw4HS/pBB/\nRvIy0f8SXlcnW8j6H/rDJ6qMO1GI34f4fQJAd76w44jSzkmyn7tKizkS2bnisuryM7FZxr179zB7\ntmx3YHNMXERkSpa4utv60N1m3DRUpNrlZ3BwEB9//DGGhoYwMjKC6upqy/3mASYuIrIgW8c1qzIX\nsyqNS3suvKPvaaDa5WfNmjXIycmBz+eDpmn4wx/+AI/HY9k1jC15iMjUKDzKXyLZdu6yLj9FRUXw\n+cZ2kUxKSsKmTZvw97//3TIuJi4iMmWnk3V+fj5u3LihO+f3+1FcLK5g1ovWxRpg4iIiC3YS18Qu\nPwAMXX4A4M6dO7h+Xf9pz7Fjx/DUU09ZxsUaFxGZCsW057yRSpefw4cP48svv4SmaXjw4AGKi4vx\nxBPGPgYTMXERkSm7zyqqdPn5/vclD7tGwcQ1aWTdXxQ2phM3yrtlHNJ9Q78w7+r8UsMYsdNOfrVx\ncz+c1x/WDRmHLI3nIetVkkFCJ21ZJ6CrKNUdi98nAOPPI3qjbch/7tOrO89k4SM/ROQ6TFxE5Drc\nj4uIXIf7cRGR6/BW0dVkhV1xd0xZQVjsLNNrHNIlPDoh2+HzC/32Hic2rjQMEbvoZFTdN4ypni3s\nilplfKvFCl1+UCYcS4rzXyx+Unf8KZ43jDkB4fv4QrKNifjz6JIFJP5cxZ87YPz9yHY3ZQFf9MDm\ncohEYeIiIlOscRGR67DGRUSuwxrXI0esh8hqXAPC8W3jELFDzVnJNMLmed/MNLYC+n/rf6Q7Fjvo\nAMDpxfruQE8sNm7uN08Wo+C20JFbtrhUrF8dw2rDmFufLNSf+FzyZuLPQ9bJ2hCz+HMHjL8f1rNU\nMHERkeuwxkVErsMaFxG5DpdDEJHr2L1VVGlPNtHhw4cRDoexbt06y3mZuKRUCrcqC1DFhZGyH7fQ\nkaZDXN0pETSeutWlL3Q3VS80jPn8yf/UHZfBuNo0R2H7hT7h04IrhhWpQPc/hO48sq5D/y0cn5aM\nMSzIla2QvSEcSxb6Ki1AFc+xgG/3VlGlPdm4s2dln0zJcQdUIjJlZwdUq/ZkomvXrqG7uxvLly9X\niotXXERkSrocou1fQNvlqK9VbU8WCATQ2tqKl19+WZrUZKImrpaWFnR1dcHj8SAYDKKqqgrl5eUI\nhUJoamqC1+tFMBhEbW2tZTshInIfaeKqLB/7EqS8c0h3rNKebGRkBPv378cPf/hDAICmaUpxWSau\ncDiM3NxcPP3005Fzb731FsrLy9Hc3Iz6+nrMmjULALBz505s374dycnT5e5TYXdTA1k3ZfFfLknt\npaNUf3xLMo84jVg/AtBdqq87dReVGAf5jKcMxBqb7MHnq8Kx7B9osX7VJ6spiROJxwBwVzhWWYAa\nz+9v+gkhTXlshnCcnZ2Nzs5O3TmxPdmJEycwOjqKjz76CMBYshu/UHr22WdN38sycSUnJ6O8XJ9Z\nZ8wY+3g0FApFkhYA1NTUoL29HZWVlVZTEpGL2Fk5n5+fj+PHj+vO+f1+VFd/u693bW0tamtrI8c3\nb97E2bNnLZMWEGON6+uvv0Zubi5CoRC8Xq/uz8rKytDS0mJIXAUFlwzzDAzkIhg0dsIlotj5fL3I\nzJR9kmqfncQ1sT1Zenq6oT3ZeNE+HkqJ6+TJk/jss8+QlZWF7du3IxAIGO5dZV1rAeDmzcfjDo6I\nogsG5RcChYXGi4ZY2V3HpdKeLB5KiaumpgY1NTXo6+vDu+++iy1btiAQ0G/W1t/fb2itTUTuNhXt\nySYqKCjQfeJoJqaocnJysHbtWpw5cwb37+t32Ozs7ERJiaTY+0iQFY3FArnKYkWxiCx7nWxhpPC6\nvvnGIV8I505L2pjPEY5l/86oXL2Lbc1ka1bFXRxGZJ8WiQtHxWPA+DOT3RKJxfh425NxwanIqbtD\nWH4EePXqVfT16f9WXrp0CSUlJcjIyEBv79hfIk3T0NraioqKisRFSkRTzs4C1ESyvOIqKirCwYMH\nEQ6HoWkahoeHMX/+fJSUlKChoQGNjY3wer0YGBhAXV3dVMVMRFMk9MCFD1l7PB68+OKL0j9LTU3F\n5s2bExIUETnD6IgzH65xZlSuEM+D2CrzqHQLktXKrgpvnWUccitTOBaXDAJqfyXE78vYUchYd5J1\n3lEZI56T/XxUHngXsZ6lYnTEmTUuJi4iMsXERUSuMzLMxEVELhMedWaKcGZUROQMvFV81KksUpUV\njcVfgaygL75OVsQWdlKV7kShMiYesu9dpR2Yyo4NKruSxvMhCCkZcmaKcGZUROQMKv8mPARMXERk\njomLiFyHiWs6iqeuIvubolIHExdzyn61KjWteBagyqg8PB7tNXZeR5PC5o9WpT3ZlStXcOLEicj+\nXYWFhVizZo3lvExcRGRu1N7LVdqTDQ0N4cc//nHkuLm5Gffu3dPtsCyaLhvEE1E8RmL4Eqi2J1u6\ndKnueN68ebh7V/ZY27d4xUVE5sS91wD4/G3IvNIW9aWq7ckm6u3tRWdnJ1avXm05NxMXEZmTXEkF\nSyoRLDE2xSn8r3d0xyrtycZdvXoVe/bsQXd3N3bs2IGkJMlGmBMwcT108ezMGe9HPVP5644nRhbZ\nHcfGp4oq7cnGlZaWYseOHXjw4AH27duHFStW4LHHHjOdmzUuIjJno8aVn5+PGzf023H7/X4UFxeb\nvt2MGTPQ0NCAv/3tb5ZhMXERkbnhGL4EE9uTATC0JwOAYDCIy5f13YK/+eYbzJs3zzIs3ioSkTmb\nyyFU2pPduHED//znP6FpGsLhMADgpZdespyXicuV4q0Fia9L5EPW9EiwuXJepT3ZqlWrYp6XiYuI\nzEmWQzgBExcRmeOzikTkOkxcROQ6TFzkPCyqUxQO/SvCxEVE5mwuh0gUJi4iMsdPFYnIdVjjIiLX\nYY2LiFyHNS4ich3eKhKR6zBxEZHrTEGXn46ODpw9exapqakYGhpCaWkpnn76act5mbiIyFzI3suj\ndfnRNA3d3d145ZVXIuf++Mc/Yvny5YZtnyfiRoJEZC7BXX6SkpLwzDPP6F63YMEC6b70EylfcWma\nhtdffx3btm1DXl4eQqEQmpqa4PV6EQwGUVtbi0WLFqlOR0RuILlV9A22IXMoMV1+AKCzsxMrV660\nnFs5cR08eFAXRHNzM+rr6yNNG3fu3Int27cjOZkXcUSPDMlyiOCMSgRnSLr89MXf5WdcV1cXZs+e\nDY/HOjUpZZmWlhYsXrxY11k2FArpjmtqatDe3q4yHRG5hY1bxfHtmicy6/IDAPfu3cORI0dQX18f\nNayoV1wdHR1ISkpCeXl5ZFP7UCgEr9erG1dWVoaWlhZUVuozcUHBJcOcAwO5CAZzowZHRNH5fL3I\nzOxNzOQ2lkPk5+fj+PHjunN+vx/V1dWGsX19fdi3bx+2bNmiNLdl4rpz5w4uX76MDRs26M4HAgHD\nJaAsuwLAzZuPKwVCRPEJBuUXAoWFxouGmNlYDjGxy096erqhy8940T4QCOCDDz7A1q1bkZKSojS3\nZeI6dOgQvF4v9u7dCwA4d+4cenp6UFFRgUAgoBvb399veglIRC5lczlEtC4/s2fPxm9/+1usXr0a\nhw4dirxu7ty5qKqqMp3XMnFt2rRJd5yWloaqqirMnTsXp06d0v1ZZ2cnSkpKYv7GiMjBpqDLz86d\nO2OeN+aPADVNAwBkZGSgt7c3cq61tRUVFRUxB0BEDmajIWwixb1yvqGhAY2NjfB6vRgYGEBdXd1k\nxkVEThDL7hBTuBIqpsQ1sUifmpqKzZs3T3pAROQgsdwqzkhYFAZ8VpGIzDFxEZHrcAdUInIdm8sh\nEoWJi4jMcSNBInId3ioSkeuwWQYRuQ5vFYnIdZi4iMh1WOMiItfhFRcRTTcq7ckA4NNPP8Unn3yC\nDRs2YN26dVHnZeIiooSJ1p5s3PPPP4/vfve7OHv2rNK87GxBRAmh0p4sXrziIiILxuq8z3cGmZln\nor4y3vZkKpi4iMiCsTofDC5HMLjccL6w8P/qjuNpT6aKt4pEZCH+LVBjbU8WCyYuIrIwGMOXXn5+\nPm7cuKE75/f7UVxcbDsqJi4ishD/FdfE9mQADO3JROP9LFSwxkVEFuytQI3WniwvLw9+vx/t7e3o\n7+9HV1cX7t+/j2XLlqG8vNx0XiYuIrJg75kflfZkCxcuxMKFC2Oal4mLiCw485kfJi4isuDMp6yZ\nuIjIgvHTQidg4iIiC7xVJCLX4a0iEbkOr7iIyHV4xUVErsMrLiJyHV5xEZHrOHM5xJQ9ZO3z9U7V\nW00Kt8ULMOap4LZ47Yv/IetEmrLElZnprl+42+IFGPNUcFu89o3E8DV1eKtIRBZY4yIi17F3JaXS\nniwcDqO5uRmpqakIhUJYunQpKisrLedl4iIiC/auuFTak+3fvx8rV65EaWkpAOD3v/89lixZAp/P\nZzovd0AlIgvx17hU25PduXMnkrQAYN26dfjrX/9qGVXCr7gqKw9G/ruw8FKi325SuS1egDFPBbfF\na0dl5QfKYzMyMnTHqu3JPB59GioqKsLhw4ct3yuhiev06dOJnJ6IEsju/7+q7cli2Wt+HG8ViSgh\nVNuTJSUlGV6bnGydmpi4iCghVNuTjYzo62PXrl1Dfn6+5dxMXESUEKrtyQoKCuD3+yPHhw4dwpo1\nayznTtLiucGMgco6jodteHgYu3fvxpEjR7Br165IfKFQCE1NTfB6vQgGg6itrcWiRYsecrRjjh07\nhrt37wJAJLaysjJHx9zS0oKuri54PB4Eg0FUVVWhvLzc0TEDYzWY119/Hdu2bUNeXp7j43WSYDCI\nPXv2RG4b6+vrMWfOHPzqV7+KtCfTNA179uxBSkoKHjx4gGXLlqGiosJ6Yi3B3n77bW1wcFDTNE0b\nHh7Wdu7cmei3jNuBAwe027dvR47fe+897e7du5HjN954QxsdHX0Yoel0d3dr58+f15178803NU1z\nbsyjo6PaxYsXdeecHvO4/fv3a++//37k74bT450OEnqrqLqOw6lCoRBmzZoVOa6pqUF7e/tDjGjM\nnDlzsGzZMt25tLQ0AM6NOTk52dDgc8aMGQCcGzMwdpW4ePFiXXxOjne6SGjislrH4XShUAher1d3\nrqysDF1dXQ8pInOapiEcDrsq5q+//hq5ubmOjrmjowNJSUm6hOvkeKeThK7jUl3H4USBQMAQu+zj\nXSc4evQoamtrXRHzyZMn8dlnnyErKwvbt293bMx37tzB5cuXsWHDBt15p8Y73SQ0cWVnZ6Ozs1N3\nTraOw4mysrIQCAR05/r7+x0X+/nz5zE8PIwlS5YgFAo5PuaamhrU1NSgr68P7777LrZs2eLImA8d\nOgSv14u9e/cCAM6dO4eenh5UVFQ4Mt7pJqGJKz8/H8ePH9ed8/v9qK6uTuTbToq0tDTcv39fd66z\nsxMlJSUPKSKjixcv4sqVK3jhhRcAuCPmcTk5OVi7di3OnDnjyJg3bdqkO05LS0NVVRXmzp2LU6dO\n6f7MCfFONwmtcVmt43CDjIwM9PaObRynaRpaW1ujf0w7RTo6OtDR0RFJWuOcGvPVq1fR19enO3fp\n0iWUlJQ4NmaR9u+VQ26J91GW8HVcZus4nKS1tRVdXV04d+4cSktLkZmZiVWrViE7OxuNjY3wer0Y\nGBjAmjVrdE+xPyzXr1/H7373Ozz33HO657zKy8uxYMECR8Y8MjKCgwcPIhwOQ9M0DA8PY/78+Xjm\nmWcwPDzsyJgnOnjwIJ566ink5eW5It5HXcITFxHRZOMjP0TkOkxcROQ6TFxE5DpMXETkOkxcROQ6\nTFxE5Dr/H+U73WsffJ6HAAAAAElFTkSuQmCC\n",
       "text": [
        "<matplotlib.figure.Figure at 0x112e977d0>"
       ]
      }
     ],
     "prompt_number": 96
    },
    {
     "cell_type": "code",
     "collapsed": false,
     "input": [],
     "language": "python",
     "metadata": {},
     "outputs": []
    },
    {
     "cell_type": "code",
     "collapsed": false,
     "input": [
      "print np.trace(np.dot(np.linalg.inv(S),np.outer(X,X.T)))\n",
      "print np.sum(X**2/S.diagonal())"
     ],
     "language": "python",
     "metadata": {},
     "outputs": []
    },
    {
     "cell_type": "code",
     "collapsed": false,
     "input": [
      "def test_g(X, S):\n",
      "    return np.dot(X,np.dot(np.linalg.inv(S),X.T))"
     ],
     "language": "python",
     "metadata": {},
     "outputs": [],
     "prompt_number": 98
    },
    {
     "cell_type": "code",
     "collapsed": false,
     "input": [
      "# 1 star\n",
      "X = np.array([0.4, 0.1])\n",
      "S = np.array([[1., 0.],[0.,2.]])**2\n",
      "test_g(X,S)"
     ],
     "language": "python",
     "metadata": {},
     "outputs": [
      {
       "metadata": {},
       "output_type": "pyout",
       "prompt_number": 99,
       "text": [
        "0.16250000000000003"
       ]
      }
     ],
     "prompt_number": 99
    },
    {
     "cell_type": "code",
     "collapsed": false,
     "input": [
      "# many stars\n",
      "X = np.random.random(size=(10,2))\n",
      "S = np.array([[1., 0.],[0.,2.]])**2\n",
      "print test_g(X[4], S)\n",
      "print np.diag(test_g(X, S))"
     ],
     "language": "python",
     "metadata": {},
     "outputs": [
      {
       "output_type": "stream",
       "stream": "stdout",
       "text": [
        "1.06159837697\n",
        "[ 0.20671901  0.09479345  0.03109821  0.51637308  1.06159838  0.23213202\n",
        "  0.1728544   0.32164785  0.47164451  0.51622997]\n"
       ]
      }
     ],
     "prompt_number": 42
    },
    {
     "cell_type": "code",
     "collapsed": false,
     "input": [
      "%timeit np.dot(X,np.dot(np.linalg.inv(S),X.T))"
     ],
     "language": "python",
     "metadata": {},
     "outputs": [
      {
       "output_type": "stream",
       "stream": "stdout",
       "text": [
        "10000 loops, best of 3: 33.2 \u00b5s per loop\n"
       ]
      }
     ],
     "prompt_number": 90
    },
    {
     "cell_type": "code",
     "collapsed": false,
     "input": [],
     "language": "python",
     "metadata": {},
     "outputs": []
    },
    {
     "cell_type": "code",
     "collapsed": false,
     "input": [
      "from streams.inference import LogPrior"
     ],
     "language": "python",
     "metadata": {},
     "outputs": [],
     "prompt_number": 1
    },
    {
     "cell_type": "code",
     "collapsed": false,
     "input": [
      "class LogNormalPrior(LogPrior):\n",
      "\n",
      "    def __call__(self, value):\n",
      "        X = np.atleast_2d(self.mu - value)\n",
      "        \n",
      "        #q = np.array([np.diag(np.dot(d,np.dot(icov,d.T))) for icov,d in zip(self._icov, X)])\n",
      "        q = np.array([np.dot(d,np.dot(icov,d.T)) for icov,d in zip(self._icov, X)])\n",
      "        return np.squeeze(self._norm - 0.5 * q)\n",
      "\n",
      "    def __init__(self, mu, sigma=None, cov=None):\n",
      "        self.mu = np.atleast_2d(mu)\n",
      "        \n",
      "        if sigma is not None:\n",
      "            if sigma.shape[-1] != mu.shape[-1]:\n",
      "                raise ValueError(\"Shape of std dev vector (sigma) must match shape of mean vector (mu) along axis=-1\")\n",
      "            \n",
      "            cov = np.diag(sigma**2)\n",
      "        \n",
      "        if cov is None:\n",
      "            raise ValueError(\"Must specify vector of sigmas or covariance matrix.\")\n",
      "        \n",
      "        if 2 > cov.ndim > 3:\n",
      "            raise ValueError(\"covariance matrix must be 2D or 3D\")\n",
      "        \n",
      "        self.cov = cov\n",
      "        if self.cov.ndim == 2:\n",
      "            self.cov = self.cov[np.newaxis]\n",
      "        \n",
      "        k = self.cov.shape[-1]\n",
      "        \n",
      "        self._icov = np.array([np.linalg.inv(c) for c in self.cov])\n",
      "        self._norm = -0.5*k*np.log(2*np.pi)\n",
      "        self._norm -= 0.5*np.log(np.array([np.linalg.det(c) for c in self.cov]))\n",
      "\n",
      "    def sample(self, size=None):\n",
      "        s = np.array([np.random.multivariate_normal(mu, cov, size=size) for mu,cov in zip(self.mu, self.cov)])\n",
      "        if size is not None:\n",
      "            return np.squeeze(np.rollaxis(s, 1))\n",
      "        else:\n",
